{
 "templeR0032": [
  [
   1.0,
   0.0,
   0.0,
   0.0
  ],
  [
   0.0,
   1.0,
   0.0,
   0.0
  ],
  [
   0.0,
   0.0,
   1.0,
   0.0
  ]
 ],
 "templeR0047": [
  [
   0.9999209260556872,
   -0.003938923868438277,
   -0.011942634328131215,
   0.2327893659496674
  ],
  [
   0.0033627388936085245,
   0.9988470485897046,
   -0.047888051858156803,
   0.9711977691884892
  ],
  [
   0.012117492441516975,
   0.04784410520006359,
   0.998781311386299,
   0.05083310165683251
  ]
 ],
 "templeR0033": [
  [
   0.9998747325768954,
   0.009663652321364402,
   -0.012535269366622573,
   0.24657720615121076
  ],
  [
   -0.008566563394665015,
   0.9963611232839378,
   0.08480050707380825,
   -1.7230496997389904
  ],
  [
   0.013309137683831485,
   -0.08468250015311078,
   0.9963190959837773,
   0.06393897497230391
  ]
 ],
 "templeR0034": [
  [
   0.9997421407427162,
   0.0202922516749399,
   0.010191984356938575,
   -0.18937730965359717
  ],
  [
   -0.02200269175231432,
   0.9766312489352471,
   0.21379262185312226,
   -4.346541469004482
  ],
  [
   -0.005615476722756611,
   -0.21396174453658856,
   0.9768258996853205,
   0.3418070968522656
  ]
 ],
 "templeR0035": [
  [
   0.9993098217972345,
   0.036918807921251774,
   0.004108732317043344,
   -0.07193738193316097
  ],
  [
   -0.036210328402335575,
   0.9434631740138076,
   0.32949362876508964,
   -6.708097081528398
  ],
  [
   0.008288074358643763,
   -0.32941499799108326,
   0.9441488584550427,
   0.995630767458034
  ]
 ],
 "templeR0046": [
  [
   0.9998212306171977,
   -0.017384149741924124,
   -0.007436272242375256,
   0.14400706887189915
  ],
  [
   0.015482656849909692,
   0.9784787401985597,
   -0.20576598921179207,
   4.142831039805434
  ],
  [
   0.010853301063745803,
   0.20561407130152776,
   0.9785729709831709,
   0.5102747397558467
  ]
 ],
 "templeR0045": [
  [
   0.9992980390034424,
   -0.03459675607142315,
   -0.014369889116095828,
   0.27016148078315205
  ],
  [
   0.027345241256405615,
   0.9358133826078088,
   -0.35143356514817975,
   7.069735607169902
  ],
  [
   0.025605995870174942,
   0.3507939244078571,
   0.9361025347546236,
   1.3829098169366014
  ]
 ],
 "templeR0044": [
  [
   0.9988109370873168,
   -0.04844300393118992,
   -0.005476068377851322,
   0.0910390593134058
  ],
  [
   0.03977195606011278,
   0.87464302677852,
   -0.48313328100935216,
   9.719027361683173
  ],
  [
   0.028194032452074747,
   0.4823410111921149,
   0.8755296942173119,
   2.6310211983166996
  ]
 ],
 "templeR0036": [
  [
   0.9986129596692225,
   0.052554165876085385,
   0.003196315025876523,
   -0.05434834890513945
  ],
  [
   -0.048314702017007924,
   0.8905465988608708,
   0.4523189635935496,
   -9.208379487114986
  ],
  [
   0.020924778366412197,
   -0.4518460079566976,
   0.8918505136758695,
   2.0356487872608873
  ]
 ],
 "templeR0037": [
  [
   0.9976957815064436,
   0.06744287083276672,
   0.007388283838723801,
   -0.14197817144177996
  ],
  [
   -0.059720698113923235,
   0.8213075167176609,
   0.5673512150333818,
   -11.551006302448705
  ],
  [
   0.03219574165992217,
   -0.5664851473400726,
   0.8234427800776831,
   3.393025702622855
  ]
 ],
 "templeR0038": [
  [
   0.9968448565719046,
   0.07732108691792425,
   0.01793826758552381,
   -0.35369269589806934
  ],
  [
   -0.0694559336709335,
   0.7403181753254525,
   0.6686590106778577,
   -13.623073523032929
  ],
  [
   0.038421415955661176,
   -0.6677952147182723,
   0.7433527735842106,
   5.01095887969382
  ]
 ],
 "templeR0043": [
  [
   0.9978993255786677,
   -0.06474912298356846,
   0.0021182734712591952,
   -0.0668695642634594
  ],
  [
   0.052967978754413544,
   0.7966318552196776,
   -0.6021395855413648,
   12.10861561257954
  ],
  [
   0.03730052595222094,
   0.6009868869801681,
   0.7983880212287596,
   4.209773404508225
  ]
 ],
 "templeR0039": [
  [
   0.9957255776639136,
   0.08831317936848446,
   0.027043600642217287,
   -0.5363692682205052
  ],
  [
   -0.07784595281987888,
   0.644884741142003,
   0.7603049902978259,
   -15.498131079875515
  ],
  [
   0.04970494558322174,
   -0.7591603605247325,
   0.6490030549947567,
   6.8813412052517
  ]
 ],
 "templeR0042": [
  [
   0.9968084225437743,
   -0.0788060582925132,
   0.012750447921118634,
   -0.28576835608457885
  ],
  [
   0.06474327709681192,
   0.7045978067244084,
   -0.706647181293408,
   14.205427396338518
  ],
  [
   0.046704141321274484,
   0.705217367862952,
   0.7074511907177005,
   6.077736042535962
  ]
 ],
 "templeR0013": [
  [
   -0.9951027587267439,
   0.09856124229743868,
   -0.007495404672820113,
   0.5193636630240851
  ],
  [
   -0.07152439759991724,
   -0.6656394760098012,
   0.7428380365364757,
   -15.35523138370219
  ],
  [
   0.06822580246792777,
   0.7397362837485959,
   0.6694292123768016,
   6.828645362983409
  ]
 ],
 "templeR0014": [
  [
   -0.9934793764165931,
   0.1120386802093452,
   -0.021120198196166944,
   0.7946848936044415
  ],
  [
   -0.07999135059434372,
   -0.5529663148874892,
   0.8293549532195748,
   -17.088022316560508
  ],
  [
   0.08124107621757654,
   0.8256364749311276,
   0.5583227550425577,
   9.077354570491579
  ]
 ],
 "templeR0015": [
  [
   -0.9917815555526738,
   0.12287573972340976,
   -0.03564966553761052,
   1.0890783644654007
  ],
  [
   -0.08582699799959476,
   -0.4323191774100228,
   0.8976267906306599,
   -18.45019847082695
  ],
  [
   0.09488452181413042,
   0.8933093984902127,
   0.4393122421344039,
   11.472376739487386
  ]
 ],
 "templeR0016": [
  [
   -0.9899438813546964,
   0.1308166567131449,
   -0.05383413503339701,
   1.4589969224060604
  ],
  [
   -0.09189499156366608,
   -0.30536988877439053,
   0.947789291749717,
   -19.44636284903594
  ],
  [
   0.10754730258780351,
   0.9432052975658649,
   0.31432044850721375,
   14.00827283970301
  ]
 ],
 "templeR0017": [
  [
   -0.9883262259385583,
   0.1341518826085012,
   -0.07221179622915197,
   1.827152323264485
  ],
  [
   -0.09558887353282433,
   -0.17693781228560057,
   0.9795691797113217,
   -20.074632870765374
  ],
  [
   0.11863405235753927,
   0.9750365546871465,
   0.18769570758290754,
   16.567466202541738
  ]
 ],
 "templeR0018": [
  [
   -0.9874475533701417,
   0.12828237757463962,
   -0.09214641038650756,
   2.2187932785325524
  ],
  [
   -0.0965355492909537,
   -0.028414892055448893,
   0.99492385720344,
   -20.34877530103112
  ],
  [
   0.1250128676033588,
   0.9913305329269722,
   0.04044202542294717,
   19.51812754230911
  ]
 ],
 "templeR0019": [
  [
   -0.9790453765930889,
   0.17414626770158187,
   -0.10556148927192027,
   2.5331748746365914
  ],
  [
   -0.09887181159315926,
   0.04667708895747846,
   0.9940048361244233,
   -20.383592558865075
  ],
  [
   0.1780295353136203,
   0.9836128947975741,
   -0.028480831166801668,
   20.806718581879217
  ]
 ],
 "templeR0020": [
  [
   -0.977453567807287,
   0.16902395545499438,
   -0.1265520654242893,
   2.9589758751398016
  ],
  [
   -0.0999890639539372,
   0.15736455215006262,
   0.9824655641884991,
   -20.162552407720227
  ],
  [
   0.1859750248566215,
   0.9729682935270595,
   -0.1369159958537377,
   23.034314195298
  ]
 ],
 "templeR0021": [
  [
   -0.977358838792412,
   0.15643249440274126,
   -0.1424730673821695,
   3.2746502879424186
  ],
  [
   -0.09715240592053286,
   0.26639344240989293,
   0.9589556527102069,
   -19.697520918462786
  ],
  [
   0.18796571564569933,
   0.9510853844613233,
   -0.24516419234026976,
   25.25516725250711
  ]
 ],
 "templeR0022": [
  [
   -0.9754952413845547,
   0.15251184856528116,
   -0.1585848986609068,
   3.6041494918401917
  ],
  [
   -0.09157171872087855,
   0.3739552450415815,
   0.9229149988142974,
   -18.972791774463836
  ],
  [
   0.2000591271764266,
   0.9148210812793346,
   -0.350825789930437,
   27.410779191379902
  ]
 ],
 "templeR0023": [
  [
   -0.9729411274473011,
   0.14853075272522567,
   -0.1769863780533752,
   3.9783881551050277
  ],
  [
   -0.08508886081285039,
   0.4818340151400856,
   0.8721214752656623,
   -17.9380712119831
  ],
  [
   0.214814916351602,
   0.8635824207039313,
   -0.45615781738779004,
   29.577903727590872
  ]
 ],
 "templeR0024": [
  [
   -0.9716391985932292,
   0.138657504972959,
   -0.19154989969138872,
   4.276503447989762
  ],
  [
   -0.07563257205495341,
   0.5852672293918957,
   0.8073053847487253,
   -16.61674375006294
  ],
  [
   0.22404682948316748,
   0.798896968647778,
   -0.5581815579933933,
   31.64444339245351
  ]
 ],
 "templeR0025": [
  [
   -0.9701339430912732,
   0.12863219460704342,
   -0.20565478592231654,
   4.565590079618049
  ],
  [
   -0.06448444216498028,
   0.6805490973416392,
   0.7298593582507189,
   -15.036888867987843
  ],
  [
   0.23384158992969886,
   0.7213228712705952,
   -0.6519290039575588,
   33.57761395125517
  ]
 ],
 "templeR0026": [
  [
   -0.9690797685591782,
   0.1129993572697303,
   -0.2193525642109468,
   4.841636307620614
  ],
  [
   -0.05575666433392239,
   0.7656992967109322,
   0.6407774819691607,
   -13.217392072506431
  ],
  [
   0.2403655477634929,
   0.6331948612181022,
   -0.7357232300093183,
   35.28539102494489
  ]
 ],
 "templeR0027": [
  [
   -0.9680584549907265,
   0.09806241270665211,
   -0.2307522284510327,
   5.074542099616535
  ],
  [
   -0.0446954209796569,
   0.8381045627738176,
   0.5436755109448637,
   -11.236726248368496
  ],
  [
   0.24670862786781209,
   0.5366232431341915,
   -0.806951267341296,
   36.72867370916283
  ]
 ],
 "templeR0028": [
  [
   -0.9677293227566889,
   0.08195847742824611,
   -0.2382913465791907,
   5.225537010169577
  ],
  [
   -0.03228521197109542,
   0.8975120908801226,
   0.4398064481245954,
   -9.118984664586185
  ],
  [
   0.2499152315583461,
   0.4333068828228264,
   -0.8659027210567615,
   37.90862701352572
  ]
 ],
 "templeR0029": [
  [
   -0.9661226502723993,
   0.06763008051164214,
   -0.24906464389917768,
   5.4410815712081
  ],
  [
   -0.020367157422124013,
   0.942065772351633,
   0.3348092881956267,
   -6.9798753788238415
  ],
  [
   0.25727845523707926,
   0.3285395756579542,
   -0.9087736482190236,
   38.73891526458545
  ]
 ],
 "templeR0001": [
  [
   -0.9669388020273639,
   0.049744285851654704,
   -0.25010969425233226,
   5.461236619329345
  ],
  [
   -0.008515704703846994,
   0.9739437517393069,
   0.2266297668475165,
   -4.77735565102732
  ],
  [
   0.25486630987104425,
   0.22126697555910074,
   -0.9413203968998255,
   39.423798479806244
  ]
 ],
 "templeR0030": [
  [
   -0.9664161697194519,
   0.05010118308743737,
   -0.2520509042991566,
   5.501028402153843
  ],
  [
   -0.00870417601357688,
   0.9738667908774469,
   0.2269531029662025,
   -4.785950063778824
  ],
  [
   0.25683462427154985,
   0.2215250439099429,
   -0.9407245243406752,
   39.404651716907104
  ]
 ],
 "templeR0031": [
  [
   -0.964799326111853,
   0.04800986927982377,
   -0.25856781080762614,
   5.624112937523467
  ],
  [
   -0.011163166058830918,
   0.9748330299662297,
   0.22265656830734168,
   -4.722678625433221
  ],
  [
   0.26275015520006273,
   0.21770534246681497,
   -0.9399823082397613,
   39.10416279267727
  ]
 ],
 "templeR0002": [
  [
   -0.9631250693394484,
   0.03572084250426407,
   -0.2666723124373212,
   5.798323569271197
  ],
  [
   -0.022046471984019954,
   0.9773369236121814,
   0.21053857322907654,
   -4.451016541836223
  ],
  [
   0.26814931266542624,
   0.2086541616049461,
   -0.9405101737684695,
   39.02175640186609
  ]
 ],
 "templeR0003": [
  [
   -0.9606078843355974,
   0.004833129122974334,
   -0.27786531524313746,
   6.0506450525959545
  ],
  [
   -0.04668048989377563,
   0.9828366340409187,
   0.1784743193022291,
   -3.7413448523986306
  ],
  [
   0.2739588005806067,
   0.18441472731318823,
   -0.9438950068383866,
   39.06450768779244
  ]
 ],
 "templeR0004": [
  [
   -0.9602136860966468,
   -0.01709721566919283,
   -0.2787424658157618,
   6.0536710229656485
  ],
  [
   -0.06166258166842388,
   0.9864692103609737,
   0.1519086009144379,
   -3.146357631413949
  ],
  [
   0.27237364603550573,
   0.16305269769665912,
   -0.9482754951590634,
   39.21597327334406
  ]
 ],
 "templeR0005": [
  [
   -0.9569612044539473,
   -0.04501719364338158,
   -0.28670316609086266,
   6.233913664099368
  ],
  [
   -0.08403936876047777,
   0.9885546559274311,
   0.12528797525117183,
   -2.563779940940245
  ],
  [
   0.27778163666518874,
   0.14399008479986422,
   -0.9497916707420301,
   39.360474798441565
  ]
 ],
 "templeR0012": [
  [
   -0.9927866401241664,
   -0.11504121859655095,
   -0.033766924864274614,
   1.007542973411082
  ],
  [
   0.08407720462626941,
   -0.4672378804000151,
   -0.8801248699937603,
   17.537752187243857
  ],
  [
   0.08547345116000292,
   -0.8766152412222374,
   0.4735398694974654,
   10.378676221837795
  ]
 ],
 "templeR0011": [
  [
   -0.9913735924763335,
   -0.12165820128775284,
   -0.04876148275019328,
   1.308090580621029
  ],
  [
   0.08853145427354792,
   -0.34724016063699537,
   -0.9335879457474824,
   18.646955254492276
  ],
  [
   0.09664668512049175,
   -0.929851360648691,
   0.3550153029870654,
   12.7430824170834
  ]
 ],
 "templeR0010": [
  [
   -0.9896374674730529,
   -0.12852624378519265,
   -0.0640209936816922,
   1.6204454077847326
  ],
  [
   0.09158452687322702,
   -0.2216064341392635,
   -0.9708258663557986,
   19.427847283291655
  ],
  [
   0.11058913785236416,
   -0.9666289841539767,
   0.23108104548517405,
   15.22571596184166
  ]
 ],
 "templeR0009": [
  [
   -0.9881177417386899,
   -0.13034961791411587,
   -0.08143896838047382,
   1.972158695809106
  ],
  [
   0.09429099654700017,
   -0.09566312928214427,
   -0.9909378253281691,
   19.866047803677088
  ],
  [
   0.12137766034738606,
   -0.9868422076530732,
   0.106817230646571,
   17.73410291120043
  ]
 ],
 "templeR0008": [
  [
   -0.9862510801320663,
   -0.1312349172004103,
   -0.10043009233160138,
   2.3560277446519087
  ],
  [
   0.09655051762464423,
   0.035614213792901306,
   -0.9946907184257462,
   19.965497851897396
  ],
  [
   0.13411489285215789,
   -0.9907113728444402,
   -0.022453757635176208,
   20.351210251066206
  ]
 ],
 "templeR0007": [
  [
   -0.9844354641826824,
   -0.12864531992639985,
   -0.11973804124195833,
   2.7481899388540056
  ],
  [
   0.09786461656082365,
   0.1646382048162769,
   -0.9814870240305149,
   19.721604578350643
  ],
  [
   0.14597716836830907,
   -0.9779287515846478,
   -0.14948586267357367,
   22.921485891077747
  ]
 ],
 "templeR0006": [
  [
   -0.9820159838010641,
   -0.12694778123561057,
   -0.13974572765771295,
   3.1561506171486915
  ],
  [
   0.09829385272688311,
   0.2881822440790146,
   -0.9525173555970988,
   19.159946019809652
  ],
  [
   0.16119220227831718,
   -0.9491234140178714,
   -0.2705213834204736,
   25.378119837783387
  ]
 ],
 "templeR0040": [
  [
   0.9823188688579148,
   0.11410018407889146,
   0.14842771937502444,
   -3.0078889483687052
  ],
  [
   -0.10282164754510094,
   -0.3337362740476094,
   0.9370420525146833,
   -19.27808552618392
  ],
  [
   0.15645238471119247,
   -0.9357356717460238,
   -0.3161034703071116,
   26.342763281434383
  ]
 ],
 "templeR0041": [
  [
   0.9797434502966198,
   0.10820513298748465,
   0.16850644140814272,
   -3.415977624125191
  ],
  [
   -0.10370934496529223,
   -0.44566209144817365,
   0.8891735893586301,
   -18.33679518351241
  ],
  [
   0.17131007958595165,
   -0.8886376930117248,
   -0.42541263167782695,
   28.52342839805494
  ]
 ]
}